.Random.seed <-
c(403L, 70L, -1444585629L, -2127776462L, -746879356L, -1605332281L, 
1950593437L, -350718700L, -1782146118L, -758747643L, -1099165729L, 
-1088969114L, -1948462608L, 1861779219L, 867975345L, 927499104L, 
1234342142L, 803086473L, -592089157L, -1027352182L, 752396396L, 
-659912209L, -234929627L, 249501404L, 102698162L, -936624211L, 
-2123127961L, -1301749618L, 95796584L, -573727381L, 987754249L, 
592265624L, -2126608186L, -1239295455L, 90399411L, -1039011806L, 
1299950100L, -1138561385L, 2121171085L, 1209431460L, 1365161866L, 
1197667317L, -168920497L, 694943062L, -319752192L, 1134012739L, 
-1805032223L, -436175280L, -205790546L, 1210361433L, 1342303851L, 
737526746L, 825316508L, 1257160351L, -1743022859L, 708171148L, 
1274990690L, -137478083L, 600783543L, 2138841438L, 716441752L, 
-89697285L, -1425858151L, -262266328L, 1597919958L, -45770927L, 
46750211L, 1618431378L, -195536092L, -1376010777L, -379315651L, 
-56625996L, -796413158L, 362322021L, -25079553L, -1650122362L, 
-687302896L, 583758771L, 1982967889L, 712623104L, -1987328802L, 
370980649L, -499512613L, 1367089642L, 1483131276L, 935489231L, 
-836480379L, -623007428L, 148444178L, 1341422349L, 354183239L, 
-53196242L, 623768456L, 455876235L, -763539351L, -797393864L, 
-176042778L, -1465633663L, 926639123L, 943420354L, 1264348276L, 
852402807L, -2035188883L, 1696922628L, -1525434582L, -516012907L, 
-274664657L, -2106875338L, 1958196832L, -1726274397L, -72175679L, 
1680763824L, 2123026126L, -1458672583L, -1379765685L, 528508922L, 
-34856196L, 1527523135L, -2097559531L, 210828076L, -2041491454L, 
2094594781L, 1380311511L, -342037314L, 314369784L, -185936677L, 
-1056897223L, -20008312L, -270576074L, -991312271L, -1407142749L, 
-821150222L, -345567932L, 1080913415L, 171543517L, 207906004L, 
-1538737158L, -1046312123L, 1786466207L, 149865766L, -486617680L, 
918505043L, -530923151L, 888596640L, -548153282L, -727748791L, 
284155L, 1426463178L, -989980884L, 38201135L, -1992104475L, -1567545188L, 
644340978L, -1549363859L, 1555059367L, 354385102L, 1689391656L, 
1810645547L, -1376016311L, -1532700328L, -1625956346L, -356601375L, 
-992461965L, -1814229022L, 480118612L, -1510454697L, 152537677L, 
-462770716L, 2009876426L, 1361627701L, -1103097713L, 1996902806L, 
-305885888L, 1991524355L, -317554143L, 522568976L, 209423086L, 
1914058393L, 1857713963L, 66794010L, -1129787172L, 30510303L, 
1853635253L, -161108916L, -1576456030L, -665227267L, -2092004105L, 
-1656554978L, 1872729304L, -1580218309L, 1204629977L, 1528817512L, 
-1208030570L, -2058382319L, -1438186045L, 1179322834L, -909213596L, 
1157742503L, 801837309L, -1102297868L, -1475615782L, 1123899173L, 
154852927L, -635173434L, 394715728L, 383172211L, -1498402159L, 
2064460480L, 962743454L, -391864215L, -444670821L, 1936135594L, 
1080612300L, 1287067791L, -1429579579L, 546986108L, 1172378834L, 
-1505973171L, -1977180921L, 1454375150L, 1265816008L, 298645195L, 
637421353L, -233091208L, 551515302L, 423286465L, -104796333L, 
1505790978L, 1024031028L, -750007182L, 913351792L, -1796445148L, 
1332289592L, 272198426L, 2081430736L, -821470404L, 241641364L, 
-1704448126L, 738244032L, -1849671108L, -2015397488L, 191396386L, 
-1388352248L, 1779907212L, -1862936804L, -2137247598L, 500441472L, 
1783431700L, 1213965096L, -231512518L, -608511536L, 1159697772L, 
403567540L, -282665966L, 436556256L, 1964794828L, 842838240L, 
720054306L, -707896024L, -1774930420L, 1476911932L, 1382470642L, 
835288816L, 1418611268L, 62058072L, 1730728762L, -1302949392L, 
278724284L, -773317356L, -578593086L, -22208416L, -1472419972L, 
-849159216L, -1892180702L, 142026408L, -1411019892L, -381748036L, 
1464133426L, -270110144L, 533158068L, -164902328L, -1529250374L, 
-1006521840L, 1645518572L, 1810558292L, 1547941138L, -267650656L, 
247832268L, 709117536L, -446729278L, 723583784L, 20577196L, 1031458620L, 
1937882482L, -336793808L, -563350236L, 1842043704L, -1927315750L, 
2051130256L, -1154901252L, -1326574700L, -1413214142L, 1238819072L, 
-672164804L, -1936652976L, 833085602L, -1256235704L, -1369392372L, 
-470744356L, -68632238L, -438345600L, 1741327444L, -1398981656L, 
-215149318L, 1549139792L, 611995436L, -213058188L, 1117052818L, 
1685781600L, 603444620L, -192541856L, -1247074846L, 156181416L, 
-489774900L, 787299324L, 692015538L, -1802838544L, 31539140L, 
-514989736L, -942180998L, -1481949264L, -1163078212L, 1055876180L, 
-1224177726L, 1520547872L, 1123010748L, 1111053904L, -1846218782L, 
-1769932696L, 944906316L, 1582515452L, -1499670542L, -2006528768L, 
-607619724L, -115906552L, -1877806150L, -1047665200L, -1694044180L, 
-1776185964L, 890247634L, 669024608L, 678652748L, 502855968L, 
-1116850302L, 1559791336L, -850210580L, 2146007100L, -605868174L, 
609807984L, -1466311644L, -1402317000L, 460047514L, -916733232L, 
-1620490052L, 511338132L, 215584386L, -1532598080L, -1577967812L, 
-986300272L, -161479134L, -42103800L, -1602130676L, 163019932L, 
1500561938L, -1443638400L, -1053534700L, -231717336L, -67752646L, 
1783543248L, 1112842348L, 763557172L, 2058355346L, -1903155360L, 
1032838988L, -710180896L, -1140249694L, 243137448L, -1434969716L, 
1810945212L, -1681186446L, 1045127408L, 1224351812L, 1842343256L, 
1385931322L, 681799536L, 1187879996L, -88155372L, -2030029374L, 
-780065056L, -685018244L, -1880141104L, -382901086L, -900839384L, 
2147440908L, -1088642116L, 1763366194L, -16412224L, -2069704140L, 
-37017656L, 1489884346L, 1825339792L, -580148756L, 1439469140L, 
-740471662L, 53574432L, 1586459084L, 1945767392L, 333536962L, 
-1706885080L, -1402851668L, 184365244L, -801524238L, -1445647056L, 
-107490140L, -1986030920L, 1653901658L, 1296462224L, -494862468L, 
-982140652L, 431390530L, 90251008L, 1885922236L, -566064304L, 
-175001822L, -2035956408L, 1643709964L, 1343893596L, -1173350190L, 
-442743296L, 1277643092L, -688671256L, -1243286534L, -1144865584L, 
1190258988L, 1883985652L, -1606756974L, -11403168L, 205915404L, 
-2145119520L, 1897313634L, 1848715944L, 370840140L, -1875923588L, 
-1890406094L, -2136359824L, 2135106372L, 2094098205L, 1281885863L, 
1697811920L, 1770034542L, -176142309L, 243542397L, 722743146L, 
1201011208L, 691601073L, 732649763L, 1147128356L, -1138925358L, 
-593995481L, -1655336079L, -1072864842L, -1728915116L, 1312593893L, 
262349295L, -403027672L, 288448902L, 1647668659L, -534826731L, 
-983219342L, 244871104L, 2098872361L, 1374772379L, -393356948L, 
212455802L, -422681937L, -1877706311L, 656909262L, 849664796L, 
-1379667315L, 1791638263L, -576836096L, 955992158L, -1555160277L, 
-1724616659L, -334473062L, -2029876136L, 1342757825L, -1308101517L, 
345496980L, -221780958L, 230314807L, 408319489L, 1585583878L, 
-811422908L, -1108451723L, -1288658977L, -385633480L, -189786858L, 
492202275L, -1875045659L, -1833796862L, 2079707504L, -25167591L, 
-418236149L, -1730160132L, 720597546L, 1760649823L, 197329385L, 
-1982838018L, 1119167212L, -1125256643L, -1534619129L, 214259184L, 
2132653454L, 2061872059L, 2001036701L, 1830128458L, -1976627352L, 
1255514449L, 2067575363L, 1908750148L, -798901262L, -1917341241L, 
-1358764143L, 1347202838L, -1165329548L, 1146454533L, -716893617L, 
-929870264L, -1202884634L, 2030280979L, 1421446773L, -448232366L, 
-1443803488L, -465392759L, 1583151035L, -1340868596L, -732867174L, 
2011190543L, 1333451609L, 336299502L, 1624326268L, -2080144147L, 
-937978985L, -1380742048L, -269455810L, 598066955L, -2010202739L, 
1952908986L, 697165048L, 1427501729L, 731370067L, -1920373388L, 
543802114L, 1871897495L, -110312095L, -1122646618L, 1447245732L, 
30126677L, -1368702209L, 2079033240L, -987543370L, 893361475L, 
-1253262203L, 733775138L, -981692912L, -1842008647L, 956591723L, 
-1107680932L, 1163466890L, 2007486591L, 1721401801L, 363266654L, 
1740478732L, 779902173L, 1237080551L, 1686225424L, -901521618L, 
-1323146277L, -106253123L, 1823319594L, 448846536L, -1801142287L, 
-2130874013L, 773415268L, -1320778606L, 321632615L, -999990479L, 
713220214L, 1181759892L, -2040275547L, -762341713L, 1862872936L, 
